24.0
13.0
12.0
10.0
10.0
17.0
14.0
23.0
10.0
8.0
11.0
12.0
12.0
14.0
9.0
10.0
11.0
Borro indice..
18.0
20.0
11.0
14.0
11.0
9.0
12.0
8.0
8.0
10.0
10.0
9.0
11.0
10.0
21.0
9.0
12.0
8.0
12.0
10.0
21.0
8.0
9.0
8.0
9.0
9.0
11.0
6.0
7.0
14.0
12.0
Borro indice..
11.0
16.0
12.0
14.0
10.0
9.0
19.0
8.0
8.0
10.0
9.0
8.0
8.0
9.0
8.0
8.0
8.0
11.0
15.0
13.0
11.0
9.0
9.0
8.0
8.0
7.0
15.0
9.0
Borro indice..
9.0
12.0
7.0
11.0
8.0
8.0
9.0
9.0
9.0
8.0
9.0
9.0
8.0
12.0
7.0
8.0
7.0
9.0
8.0
7.0
7.0
8.0
8.0
9.0
8.0
9.0
8.0
7.0
8.0
9.0
9.0
