438.0
83.0
65.0
59.0
59.0
58.0
62.0
56.0
79.0
58.0
58.0
56.0
57.0
69.0
56.0
60.0
57.0
57.0
59.0
59.0
58.0
58.0
67.0
89.0
77.0
62.0
56.0
58.0
69.0
64.0
68.0
Borro indice..
65.0
83.0
66.0
64.0
61.0
64.0
65.0
72.0
63.0
66.0
95.0
64.0
69.0
65.0
62.0
67.0
68.0
131.0
65.0
62.0
70.0
69.0
64.0
74.0
64.0
344.0
Borro indice y borro memoria..
355.0
142.0
122.0
78.0
77.0
79.0
85.0
58.0
67.0
65.0
66.0
96.0
73.0
64.0
104.0
91.0
184.0
118.0
65.0
143.0
67.0
67.0
68.0
Borro indice y borro memoria..
366.0 -> 
149.0
100.0
71.0
73.0
73.0
79.0
61.0
59.0
62.0
62.0
103.0
64.0
66.0
56.0
80.0
Borro memoria..
390.0
131.0
123.0
75.0
89.0
80.0
79.0
67.0
