35.0
33.0
46.0
39.0
27.0
50.0
26.0
24.0
22.0
26.0
24.0
26.0
27.0
33.0
30.0
30.0
28.0
28.0
20.0
22.0
24.0
20.0
20.0
Borro memoria..
211.0
57.0
51.0
32.0
43.0
35.0
32.0
23.0
24.0
32.0
20.0
22.0
19.0
23.0
20.0
22.0
24.0
20.0
21.0
20.0
32.0
20.0
29.0
20.0
22.0
21.0
18.0
20.0
29.0
33.0
31.0
23.0
19.0
21.0
22.0
23.0
24.0
21.0
22.0
22.0
21.0
17.0
22.0
16.0
20.0
24.0
19.0
22.0
18.0
18.0
23.0
18.0
19.0
18.0
19.0
18.0
Borro indice y memoria..
212.0
65.0
47.0
42.0
39.0
28.0
30.0
25.0
26.0
29.0
19.0
31.0
19.0
24.0
21.0
22.0
20.0
22.0
23.0
21.0
26.0
19.0
22.0
21.0
27.0
22.0
22.0
22.0
23.0
23.0
30.0
35.0
32.0
19.0
22.0
26.0
19.0
29.0
23.0
19.0
19.0
19.0
21.0
17.0
18.0
24.0
17.0
